image_width: 640
image_height: 480
camera_name: camera
camera_matrix:
  rows: 3
  cols: 3
  data: [508.624627, 0.000000, 323.831270, 0.000000, 508.776750, 248.651286, 0.000000, 0.000000, 1.000000]
distortion_model: plumb_bob
distortion_coefficients:
  rows: 1
  cols: 5
  data: [0.165897, -0.261841, 0.000576, -0.000987, 0.000000]
rectification_matrix:
  rows: 3
  cols: 3
  data: [1.000000, 0.000000, 0.000000, 0.000000, 1.000000, 0.000000, 0.000000, 0.000000, 1.000000]
projection_matrix:
  rows: 3
  cols: 4
  data: [521.509583, 0.000000, 323.341010, 0.000000, 0.000000, 522.392578, 248.851689, 0.000000, 0.000000, 0.000000, 1.000000, 0.000000]
